79441
77398
58355
45655
55232
74557
41379
52965
16754
44347
76971
65942
17263
73289
99943
66769
71859
47979
16564
82783
71731
54915
31337
93317
37317
59873
15237
777_7
49764
23754
68793
1221_
95488
35346
87293
72227
34393
22172
49293
17_73
3646_
52865
48233
36187
47688
33865
86687
43589
82216
39187
44462
22621
61337
43_41
12547
_3892
57651
38_79
_8789
65439
65161
8_795
_2847
83936
41439
_4385
61_75
57178
62363
6_641
_5498
21579
74_83
12141
61323
21956
35127
74679
_2132
75546
48439
3_657
15212
28788
74564
27627
76877
38331
87985
65513
59313
27643
32974
91615
13751
64179
42572
19562
94872
74872
27272
73272
15272
15272
35272
35272
_5272
__272
3_272
_5_72
___72
3_2_2
35___
_5_7_
__2_2
3_2__
35_7_
_5_72
__2_2
3_2__
35_7_
_5_72
3_2_2
352__
35_7_
35272
352_2
3527_
35272
35272
35272
35272
35272
35272
35272
35272
35272
35272
35272
35272
35272
35272
35272
35272
35272
35272
35272
35272
35272
35272
35272
35272
35272
35272
35272
35272
35272
35272
35272
35272
35272
35272
35272
35272
35272
_5272
__272
__272
_5_72
___72
3_2_2
3____
_5_7_
__2_2
3_2_3
35_7_
_5_72
__2_2
3_2__
35_7_
_5_72
3_2_2
3521_
35_72
35272
352_2
3527_
35272
35272
35272
35272
35272
35272
35272
35272
35272
3_272
3_272
35272
35272
35272
35272
35272
35272
35272
35272
35272
3_272
3_272
35272
35272
35272
35272
35272
35272
35272
35272
35272
35272
35272
35272
35272
35272
35272
35272
35272
35272
35272
35272
35272
35272
35272
35272
35272
35272
35272
35272
35272
35272
35272
35272
